{
  "advancedEditorSelectedIdentifier" : "ProjectBrowser",
  "openSceneRelativePaths" : [
    "Immersive.usda"
  ],
  "recentIdentifiers" : {
    "AF09ED6F-1707-48FD-8720-65B998362C09" : [

    ],
    "D66134B1-3681-4A8E-AFE5-29F257229F3B" : [

    ]
  },
  "sceneCameraHistory" : {
    "AF09ED6F-1707-48FD-8720-65B998362C09" : [
      {
        "date" : 722226126.307153,
        "title" : "Untitled",
        "transform" : [
          0.9999991,
          5.728553e-12,
          0.0013294967,
          0,
          0.0006312035,
          0.88011056,
          -0.47476834,
          0,
          -0.0011701041,
          0.47476876,
          0.8801097,
          0,
          -0.0036443472,
          3.268334,
          2.7334569,
          1
        ]
      },
      {
        "date" : 722226108.722457,
        "title" : "Untitled",
        "transform" : [
          0.9999991,
          5.728553e-12,
          0.0013294967,
          0,
          0.0006312035,
          0.88011056,
          -0.47476834,
          0,
          -0.0011701041,
          0.47476876,
          0.8801097,
          0,
          -0.0036443472,
          3.268334,
          2.7334569,
          1
        ]
      },
      {
        "date" : 722226035.212044,
        "title" : "Untitled",
        "transform" : [
          0.9999991,
          5.728553e-12,
          0.0013294967,
          0,
          0.0006312035,
          0.88011056,
          -0.47476834,
          0,
          -0.0011701041,
          0.47476876,
          0.8801097,
          0,
          -0.003645897,
          3.268334,
          2.7334569,
          1
        ]
      },
      {
        "date" : 722226032.73376,
        "title" : "Untitled",
        "transform" : [
          0.9999991,
          5.728553e-12,
          0.0013294967,
          0,
          0.0006312035,
          0.88011056,
          -0.47476834,
          0,
          -0.0011701041,
          0.47476876,
          0.8801097,
          0,
          -6.356625,
          1.8873799,
          2.9959826,
          1
        ]
      },
      {
        "date" : 722226019.609145,
        "title" : "Untitled",
        "transform" : [
          0.9999991,
          5.728553e-12,
          0.0013294967,
          0,
          0.0006312035,
          0.88011056,
          -0.47476834,
          0,
          -0.0011701041,
          0.47476876,
          0.8801097,
          0,
          -8.009735,
          -0.61820126,
          -0.8159988,
          1
        ]
      },
      {
        "date" : 722226017.891323,
        "title" : "Untitled",
        "transform" : [
          0.9999991,
          5.728553e-12,
          0.0013294967,
          0,
          0.0006312035,
          0.88011056,
          -0.47476834,
          0,
          -0.0011701041,
          0.47476876,
          0.8801097,
          0,
          1.9961047,
          3.3455317,
          2.8735995,
          1
        ]
      },
      {
        "date" : 722225944.274476,
        "title" : "Untitled",
        "transform" : [
          0.9999991,
          5.728553e-12,
          0.0013294967,
          0,
          0.0006312035,
          0.88011056,
          -0.47476834,
          0,
          -0.0011701041,
          0.47476876,
          0.8801097,
          0,
          0.26418576,
          3.1993396,
          3.192238,
          1
        ]
      },
      {
        "date" : 722225914.241573,
        "title" : "Untitled",
        "transform" : [
          0.9999991,
          5.728553e-12,
          0.0013294967,
          0,
          0.0006312035,
          0.88011056,
          -0.47476834,
          0,
          -0.0011701041,
          0.47476876,
          0.8801097,
          0,
          0.26461953,
          3.0233397,
          2.865974,
          1
        ]
      },
      {
        "date" : 722225910.089417,
        "title" : "Untitled",
        "transform" : [
          0.9999991,
          -6.9562828e-12,
          0.0013294967,
          0,
          0.0006312036,
          0.8801105,
          -0.47476834,
          0,
          -0.0011701034,
          0.47476876,
          0.8801098,
          0,
          -0.805553,
          0.71498954,
          -0.77598464,
          1
        ]
      },
      {
        "date" : 722225864.784788,
        "title" : "Untitled",
        "transform" : [
          0.9999991,
          -6.9562828e-12,
          0.0013294967,
          0,
          0.0006312036,
          0.8801105,
          -0.47476834,
          0,
          -0.0011701034,
          0.47476876,
          0.8801098,
          0,
          -0.8910704,
          0.8666193,
          -0.85789394,
          1
        ]
      }
    ],
    "D66134B1-3681-4A8E-AFE5-29F257229F3B" : [
      {
        "date" : 722224516.420231,
        "title" : "Untitled",
        "transform" : [
          1,
          0,
          -0,
          0,
          -0,
          0.8660254,
          -0.5,
          0,
          0,
          0.5,
          0.8660254,
          0,
          0,
          0.23699783,
          0.4106923,
          1
        ]
      }
    ]
  },
  "selectedSceneRelativePath" : "Immersive.usda"
}