{
  "advancedEditorSelectedIdentifier" : "ProjectBrowser",
  "openSceneRelativePaths" : [
    "CharacterAnimations.usda",
    "Immersive.usda",
    "ImpactParticle.usda",
    "_PlainMaterial.usda",
    "MainParticle.usda"
  ],
  "recentIdentifiers" : {

  },
  "sceneCameraHistory" : {
    "4F483F39-E8AB-4455-9C3C-BD396F37E620" : [
      {
        "date" : 722000358.417083,
        "title" : "Untitled",
        "transform" : [
          0.99999994,
          0,
          -0,
          0,
          -0,
          0.8660254,
          -0.49999994,
          0,
          0,
          0.49999994,
          0.8660254,
          0,
          -4.0268178e-10,
          0.0578793,
          0.11916882,
          1
        ]
      },
      {
        "date" : 722000123.43348,
        "title" : "Untitled",
        "transform" : [
          0.99999994,
          0,
          -0,
          0,
          -0,
          0.8660254,
          -0.49999994,
          0,
          0,
          0.49999994,
          0.8660254,
          0,
          -2.8626645e-10,
          0.0578793,
          0.119168825,
          1
        ]
      },
      {
        "date" : 722000118.314599,
        "title" : "Untitled",
        "transform" : [
          0.99999994,
          0,
          0,
          0,
          0,
          0.8660254,
          -0.49999994,
          0,
          0,
          0.49999994,
          0.8660254,
          0,
          5.978497e-11,
          0.009908159,
          0.020400103,
          1
        ]
      },
      {
        "date" : 722000111.921135,
        "title" : "Untitled",
        "transform" : [
          0.99999994,
          0,
          -0,
          0,
          -0,
          0.8660254,
          -0.49999994,
          0,
          0,
          0.49999994,
          0.8660254,
          0,
          -8.195639e-08,
          0.057879448,
          0.119169,
          1
        ]
      },
      {
        "date" : 722000109.320146,
        "title" : "Untitled",
        "transform" : [
          0.99999994,
          0,
          0,
          0,
          0,
          0.8660254,
          -0.49999994,
          0,
          0,
          0.49999994,
          0.8660254,
          0,
          0.101263076,
          0.621268,
          1.2084985,
          1
        ]
      },
      {
        "date" : 722000103.74471,
        "title" : "Untitled",
        "transform" : [
          0.99999994,
          0,
          -0,
          0,
          -0,
          0.8660254,
          -0.49999994,
          0,
          0,
          0.49999994,
          0.8660254,
          0,
          -9.313225e-10,
          0.0578793,
          0.11916882,
          1
        ]
      },
      {
        "date" : 722000101.156451,
        "title" : "Untitled",
        "transform" : [
          0.99999994,
          0,
          -0,
          0,
          -0,
          0.8660254,
          -0.49999994,
          0,
          0,
          0.49999994,
          0.8660254,
          0,
          -8.149072e-10,
          0.0578793,
          0.119168825,
          1
        ]
      },
      {
        "date" : 722000100.155863,
        "title" : "Untitled",
        "transform" : [
          0.99999994,
          0,
          -0,
          0,
          -0,
          0.8660254,
          -0.49999994,
          0,
          0,
          0.49999994,
          0.8660254,
          0,
          -8.102067e-10,
          0.0578793,
          0.119168825,
          1
        ]
      },
      {
        "date" : 721999552.171699,
        "title" : "Untitled",
        "transform" : [
          0.99999994,
          0,
          -0,
          0,
          -0,
          0.8660254,
          -0.49999994,
          0,
          0,
          0.49999994,
          0.8660254,
          0,
          -4.6566126e-10,
          0.0578793,
          0.11916882,
          1
        ]
      },
      {
        "date" : 721999546.769021,
        "title" : "Untitled",
        "transform" : [
          0.99999994,
          0,
          -0,
          0,
          -0,
          0.8660254,
          -0.49999994,
          0,
          0,
          0.49999994,
          0.8660254,
          0,
          -3.4924594e-10,
          0.0578793,
          0.119168825,
          1
        ]
      }
    ],
    "29A6587C-7F91-44E0-987B-A154F33A04C1" : [
      {
        "date" : 721990940.693089,
        "title" : "Untitled",
        "transform" : [
          0.99999994,
          0,
          -0,
          0,
          -0,
          0.86598897,
          -0.500063,
          0,
          0,
          0.500063,
          0.86598897,
          0,
          5.3878403,
          18.958693,
          38.181587,
          1
        ]
      }
    ],
    "1510F6C7-214D-4800-9C6C-F3964D5FC3E3" : [
      {
        "date" : 721999501.920106,
        "title" : "Untitled",
        "transform" : [
          0.99999994,
          0,
          -0,
          0,
          -0,
          0.8660254,
          -0.49999994,
          0,
          0,
          0.49999994,
          0.8660254,
          0,
          0,
          0.20216845,
          0.35016605,
          1
        ]
      }
    ],
    "AF09ED6F-1707-48FD-8720-65B998362C09" : [
      {
        "date" : 721990956.891759,
        "title" : "Untitled",
        "transform" : [
          1,
          0,
          -0,
          0,
          -0,
          0.8660246,
          -0.5000013,
          0,
          0,
          0.5000013,
          0.8660246,
          0,
          2.598205,
          5.3608027,
          9.01347,
          1
        ]
      }
    ],
    "B6521AAE-905F-4405-9354-A15578006B63" : [
      {
        "date" : 722000493.496617,
        "title" : "Untitled",
        "transform" : [
          0.99999994,
          0,
          -0,
          0,
          -0,
          0.8660254,
          -0.49999994,
          0,
          0,
          0.49999994,
          0.8660254,
          0,
          0,
          0.0578793,
          0.11916882,
          1
        ]
      },
      {
        "date" : 721990973.727338,
        "title" : "Untitled",
        "transform" : [
          0.99999994,
          0,
          -0,
          0,
          -0,
          0.8660254,
          -0.49999994,
          0,
          0,
          0.49999994,
          0.8660254,
          0,
          0,
          0.20216845,
          0.35016605,
          1
        ]
      }
    ]
  },
  "selectedSceneRelativePath" : "ImpactParticle.usda"
}